19524
19525
19526
19527
19528
19529
19530
19531
19532
19539
19542
19543
19545
19584
19591
19635
19658
19716
19721
19765
19776
19813
19835
19856
19898
19914
19939
19974
19990
20006
19527
19528
19529
19530
19531
19532
19539
19542
19543
19545
19584
19591
19635
19658
19716
19721
19765
19776
19813
19835
19856
19898
19914
19939
19974
19990
20006
19524
19525
19526
19527
19528
19529
19530
19531
19532
19539
19542
19543
19545
19584
19591
19635
19658
19716
19721
19765
19776
19813
19835
19856
19898
19914
19939
19974
19990
